1386
1392
1397
1401
1410
1413
1421
1449
1450
1456
1465
1490
1506
1510
1528
1532
1537
1539
1552
1561
1564
1569
1573
1579
1583
1603
1611
1622
1633
1655
1657
1676
1687
1693
1731
1735
1740
1749
1760
1769
1770
1773
1774
1788
1795
1805
1809
1822
1824
1836
1842
1847
1859
1861
1862
1875
1881
1882
1890
1900
1908
1914
1924
1930
1946
1950
1960
1970
1975
1981
1991
2016
2018
2019
2036
2047
2054
2064
2068
2090
2124
2127
2140
2179
2190
2191
2198
2199
2215
2218
2244
2252
2257
2264
2281
2302
2314
2315
2334
2335
2338
2362
2377
2392
2397
2399
2420
2426
2434
2441
2459
2463
2472
2474
2524
2536
2542
2548
2549
2561
2569
2593
2602
2610
2619
2630
2634
2675
2676
2683
2711
2720
2751
2763
2764
2770
2796
2800
2803
2809
2816
2820
2822
2824
2831
2833
2840
2842
2860
2863
2869
2891
2910
2915
2919
2931
2940
2941
2945
2960
2967
2968
2972
2973
2981
2995
3009
3044
3045
3046
3067
3089
3101
3102
3106
3107
3109
3117
3119
3126
3131
3139
3143
3182
3199
3201
3204
3208
3221
3222
3228
3243
3247
3276
3290
3296
3298
3314
3317
3319
3322
3326
3333
3336
3340
3358
3402
3404
3422
3428
3440
3442
3450
3452
3458
3466
3470
3472
3474
3489
3496
3498
3500
3538
3565
3570
3575
3603
3605
3608
3620
3625
3626
3629
3640
3647
3659
3683
3699
3727
3733
3761
3762
3769
3774
3795
3814
3834
3841
3842
3852
3853
3857
3862
3868
3869
3879
3895
3932
3944
3947
3948
3954
3965
3982
4006
4009
4022
4025
4039
4051
4061
4070
4086
4088
4095
4119
4125
4127
4156
4158
4169
4171
4178
4226
4242
4251
4261
4267
4274
4283
4292
4317
4335
4336
4338
4348
4349
4565
4572
4581
4584
4594
4655
4658
4684
4708
4726
4733
4738
4756
4780
4783
4800
4810
4812
4851
4854
4862
4863
4864
4888
4892
4910
4926
4932
4957
4964
4967
4970
4975
4981
4987
4994
4998
5018
5025
5032
5033
5034
5037
5044
5046
5050
5071
5078
5083
5093
5095
5099
5114
5125
5143
5147
5173
5194
5196
5203
5204
5208
5222
5225
5231
5266
5272
5288
5324
5350
5357
5360
5388
5392
5398
5412
5417
5419
5451
5454
5467
5470
5490
5498
5506
5517
5523
5547
5583
5607
5608
5609
5612
5615
5618
5624
5635
5637
5638
5669
5673
5685
5686
5690
5695
5702
5715
5722
5728
5736
5746
5771
5787
5799
5801
5802
5836
5842
5846
5847
5865
5871
5880
5883
5924
5933
5944
5953
5971
6012
6023
6056
6080
6087
6091
6093
6100
6101
6165
6173
6176
6177
6186
6187
6202
6211
6221
6222
6231
6261
6267
6280
6282
6285
6287
6290
6302
6304
6323
6324
6333
6347
6361
6367
6373
6388
6393
6396
6404
6448
6459
6467
6472
6477
6496
6505
6507
6514
6518
6584
6603
6615
6623
6633
6639
6642
6649
6653
6657
6667
6670
6678
6680
6683
6686
6695
6696
6703
6704
6711
6716
6721
6730
6745
6752
6755
6766
6797
6815
6818
6822
6823
6849
6864
6865
6866
6870
6889
6891
6892
6919
6928
6930
6938
6944
6945
6957
6969
6970
6971
7004
7039
7046
7051
7059
7066
7075
7079
7085
7104
7111
7119
7126
7127
7175
7194
7196
7200
7221
7223
7226
7227
7241
7247
7275
7280
7288
7292
7293
7310
7318
7319
7321
7332
7338
7371
7377
7378
7400
7401
7407
7408
7417
7432
7444
7459
7476
7477
7479
7508
7513
7516
7521
7528
7533
7543
7552
7568
7580
7587
7597
7600
7623
7629
7645
7668
7675
7679
7684
7695
7699
7705
7715
7720
7722
7725
7733
7734
7768
7771
7777
7786
7790
7803
7804
7814
7816
7824
7846
7853
7867
7879
7887
7898
7900
7933
7934
7957
7961
7975
7985
7987
7991
7992
7998
8005
8018
8026
8031
8033
8059
8070
8072
8090
8126
8135
8136
8196
8206
8207
8227
8242
8249
8260
8262
8279
8281
8284
8296
8297
8298
8300
8306
8317
8332
8337
8342
8352
8364
8372
8376
8384
8389
8442
8447
8457
8468
8486
8492
8503
8508
8529
8534
8535
8549
8568
8569
8576
8588
8608
8611
8612
8626
8646
8649
8663
8665
8670
8671
8674
8689
8690
8691
8694
8697
8701
8725
8729
8731
8733
8741
8765
8778
8781
8784
8786
8800
8804
8818
8843
8853
8863
8874
8875
8880
8886
8893
8985
9007
9014
9015
9049
9050
9054
9069
9079
9080
9088
9101
9102
9111
9117
9118
9143
9152
9161
9180
9205
9231
9240
9241
9246
9286
9309
9312
9326
9327
9328
9330
9331
9340
9349
9361
9376
9386
9395
9431
9442
9449
9482
9483
9490
9499
9512
9514
9515
9536
9558
9559
9570
9576
9580
9587
9588
9607
9612
9637
9638
9641
9647
9650
9664
9669
9673
9674
9675
9679
9685
9690
9694
9697
9708
9727
9731
9743
9748
9755
9757
9760
9764
9769
9782
9821
9832
9838
9839
9848
9858
9880
9885
9894
9921
9961
9973
9980
9983
10018
10027
10028
10032
10034
10050
10065
10072
10082
10098
10101
10119
10124
10127
10129
10133
10135
10142
10162
10167
10172
10173
10189
10191
10193
10213
10215
10218
10241
10255
10263
10268
10269
10283
10295
10317
10344
10349
10350
10355
10359
10365
10380
10389
10401
10407
10409
10416
10432
10445
10448
10461
10467
10473
10497
10507
10515
10516
10541
10543
10546
10549
10553
10557
10560
10565
10569
10587
10593
10596
10601
10611
10620
10622
10630
10649
10667
10686
10695
10703
10711
10744
10752
10770
10772
10778
10792
10795
10804
10805
10808
10817
10822
10832
10840
10921
10923
10924
10934
10938
10958
10959
10966
10983
10984
10991
11009
11017
11028
11030
11031
11039
11047
11067
11069
11076
11083
11090
11109
11122
11125
11131
11136
11140
11146
11156
11161
11178
11183
11188
11218
11221
11228
11238
11251
11260
11270
11271
11272
11274
11282
11284
11288
11296
11297
11312
11325
11333
11335
11337
11350
11357
11359
11370
11384
11391
11392
11398
11403
11429
11434
11438
11457
11461
11468
11482
11489
11493
11497
11499
11506
11511
11515
11518
11520
11531
11535
11541
11544
11553
11555
11559
11563
11573
11592
11599
11600
11608
11632
11657
11659
11680
11684
11692
11694
11702
11739
11745
11759
11766
11767
11774
11792
11796
11821
11831
11834
11839
11846
11869
11871
11884
11886
11895
11903
11919
11921
11926
11943
11948
11950
11954
11955
11967
11976
11985
11994
12066
12068
12071
12076
12083
12086
12110
12112
12113
12117
12120
12127
12132
12134
12135
12142
12146
12147
12165
12183
12185
12195
12215
12221
12228
12242
12248
12256
12262
12297
12307
12318
12326
12365
12368
12377
12378
12381
12390
12395
12400
12404
12406
12425
12428
12429
12463
12468
12471
12472
12494
12508
12510
12526
12590
12605
12606
12634
12637
12644
12645
12653
12661
12674
12679
12695
12708
12725
12748
12773
12783
12785
12790
12792
12801
12806
12814
12815
12823
12839
12843
12844
12851
12858
12865
12868
12872
12877
12903
12909
12928
12942
12944
12956
12961
12963
12966
12977
12992
13002
13019
13059
13085
13090
13103
13109
13121
13127
13141
13142
13150
13200
13210
13213
13235
13238
13242
13250
13262
13263
13268
13275
13277
13281
13284
13288
13289
13296
13299
13301
13308
13311
13318
13332
13337
13345
13354
13374
13377
13380
13386
13387
13411
13415
13417
13432
13437
13468
13469
13473
13475
13477
13478
13494
13513
13525
13535
13542
13545
13558
13570
13576
13577
13584
13585
13587
13602
13613
13621
13627
13632
13644
13650
13659
13673
13688
13711
13722
13724
13745
13751
13757
13759
13762
13769
13774
13785
13794
13806
13822
13829
13836
13855
13857
13864
13871
13877
13882
13892
13903
13905
13911
13940
13944
13945
13946
13960
13978
14000
14001
14020
14028
14052
14068
14070
14088
14097
14108
14111
14112
14116
14150
14158
14181
14185
14187
14199
14201
14203
14207
14210
14218
14219
14221
14230
14236
14272
14290
14306
14310
14318
14320
14325
14329
14335
14338
14341
14355
14372
14378
14385
14387
14393
14457
14459
14495
14498
14506
14519
14528
14540
14545
14548
14564
14573
14578
14580
14583
14602
14609
14610
14611
14612
14636
14650
14655
14660
14662
14673
14678
14695
14701
14709
14718
14725
14730
14731
14734
14740
14746
14756
14764
14767
14774
14785
14791
14792
14807
14821
14887
14888
14889
14892
14893
14897
14937
14948
14956
14971
14974
14977
15000
15002
15017
15042
15046
15049
15055
15058
15068
15075
15076
15077
15082
15083
15101
15125
15182
15184
15200
15205
15217
15219
15248
15256
15264
15280
15281
15305
15308
15342
15349
15366
15370
15390
15394
15400
15421
15428
15448
15456
15466
15474
15477
15478
15489
15494
15504
15507
15521
15535
15539
15547
15551
15554
15566
15568
15572
15590
15592
15601
15607
15611
15612
